0
127
1.4103495492
-12.77403
18
11648
11775
2.17400391563
-29.36712
9
18432
18559
2.16104465004
-16.76866
12
5760
5887
1.51596511039
-2.47698
7
21376
21503
2.49385908152
-34.93191
5
20352
20479
1.38658123356
-0.45044
3
12160
12287
1.45860822408
-4.22095
14
13824
13951
1.98543092224
-20.81866
12
14336
14463
1.64774233507
-12.0397
6
2048
2175
2.43272684722
-47.92874
10
1152
1279
4.17013044819
-216.974701
13
11520
11647
1.90534760772
-14.57183
8
24320
24447
1.23847296066
-0.56316
2
4352
4479
2.80082659884
-39.0375
6
5376
5503
1.6902354097
-1.74529
5
17024
17151
1.622699783
-7.82249
8
14848
14975
1.83035243969
-8.55066
6
2176
2303
1.33337618159
-0.39419
6
7680
7807
2.27120141441
-33.92117
12
19072
19199
2.0741750718
-25.31734
6
21504
21631
1.92768684265
-5.85198
6
20736
20863
1.76776491486
-8.88926
8
25088
25215
1.13944076822
-0.28191
2
21120
21247
1.25029393837
-1.40735
6
2816
2943
2.13764113756
-20.19375
3
7936
8063
1.59855836003
-7.76448
4
25600
25727
2.14443157787
-19.91624
8
16256
16383
1.43537036613
-0.00022
2
10368
10495
2.40890634764
-34.31558
14
8448
8575
1.74339917471
-4.10867
12
19712
19839
3.27203826901
-93.32513
8
20224
20351
1.22598341484
-2.30713
4
2560
2687
3.69244451323
-120.37478
17
12928
13055
1.86273115043
-12.82764
8
6656
6783
1.38859874331
0
0
3072
3199
1.60655809715
-11.02742
9
9216
9343
2.51700143755
-40.39256
12
21888
22015
1.47352567193
-5.23301
4
15744
15871
1.65683275913
-4.22073
9
14208
14335
3.01837920148
-56.0272
15
30208
30335
1.7613387342
-11.2533
7
19968
20095
1.72559676185
-13.89749
8
4096
4223
2.75791610453
-43.09014
14
29568
29695
1.29429293069
-1.6886
2
10752
10879
1.79134328603
-11.42183
6
14080
14207
3.10346693121
-67.16932
12
28544
28671
1.22640656634
-1.46338
3
16128
16255
3.55736174838
-114.98094
3
22144
22271
1.73388440658
-6.07698
5
28160
28287
1.40524316375
-1.23882
6
19328
19455
2.15024547217
-19.57918
6
4736
4863
1.42954684595
-5.57007
4
17792
17919
1.88554931143
-8.94485
4
28416
28543
1.8229679336
-12.15154
3
25472
25599
1.95478976365
-20.64639
10
18304
18431
1.20622704388
-0.56294
2
23040
23167
1.7479232263
-12.32073
6
1408
1535
1.47987351622
-3.8261
4
28800
28927
1.42692361706
-0.61941
4
4864
4991
1.74222050785
-12.825
2
4992
5119
1.55945785315
-6.24595
9
23936
24063
1.63537129679
-8.89058
10
17920
18047
2.07064446009
-10.29661
9
23680
23807
1.83590784286
-7.82139
9
21760
21887
1.42924511129
-5.23345
8
16384
16511
1.83659040935
-14.68367
13
30464
30591
1.53243328449
-5.23367
5
24064
24191
1.66194478096
-0.28147
1
28672
28799
1.92892309467
-19.97293
8
27136
27263
1.62611786887
-7.03345
9
9088
9215
1.58105000194
-9.00308
10
1024
1151
3.55773930318
-118.23618
13
23808
23935
1.9008844123
-17.55396
7
17664
17791
3.82486843744
-133.15386
14
14720
14847
1.31042534679
-1.57632
4
27904
28031
1.44190210711
-1.06897
1
24704
24831
1.74441082833
-6.97742
3
2688
2815
3.03083024422
-79.489607
8
22400
22527
1.27386710937
0.0
1
11264
11391
1.33896615993
-0.67588
6
1792
1919
2.22583376376
-24.07786
10
27520
27647
2.73263815585
-40.1625
6
640
767
1.74630469985
-10.5761
5
12288
12415
1.55071071858
-3.71514
8
15616
15743
2.24185712021
-20.36558
7
28032
28159
1.55056384934
-1.3511
7
4480
4607
1.31918118221
-1.06963
4
10240
10367
1.70688511411
-8.89102
10
29824
29951
1.62386990513
-4.44661
8
11904
12031
1.80650467188
-16.48565
12
8704
8831
1.99207918541
-19.74661
9
20992
21119
1.40684728505
-2.41963
3
13952
14079
4.00476347937
-162.95999
13
12544
12671
2.63783399875
-39.48794
10
3200
3327
1.62164475078
-9.45242
6
29696
29823
1.5667849068
-3.88213
4
13184
13311
1.47930585317
-3.26492
9
24960
25087
1.3494625342
-1.51985
4
8064
8191
1.71479776859
-12.60352
7
20608
20735
1.47400262949
-2.70154
4
27648
27775
1.72335213679
-7.76536
7
26880
27007
1.58970894741
-5.96558
8
9344
9471
4.21617453292
-169.14836
19
15232
15359
1.3027331761
-0.39397
2
25728
25855
2.57702254713
-57.15154
11
14976
15103
1.80456897875
-18.67874
14
23424
23551
2.13661028529
-19.68772
4
21632
21759
1.47548812519
-8.83367
8
24576
24703
2.19195457093
-26.38499
11
24448
24575
1.70618486269
-10.13006
11
20096
20223
1.77803934197
-7.82007
7
22528
22655
1.8297074187
-12.94366
19
1664
1791
2.75387444926
-49.33543
15
11776
11903
1.93968397022
-11.4772
10
4224
4351
3.51472308282
-167.746298
18
17536
17663
4.15367605747
-185.90911
12
13312
13439
1.52999056253
-1.07007
6
22272
22399
1.71872611591
-2.08345
8
21248
21375
1.57067498535
-11.81602
10
384
511
1.32318556053
-2.30757
8
11008
11135
1.57596437604
-6.975
2
26752
26879
1.23257284597
0.0
1
19456
19583
2.58543602895
-20.98631
16
5120
5247
1.42095910228
-0.78838
9
9472
9599
3.62813810192
-98.16153
9
28928
29055
1.10550183796
-0.45066
4
18816
18943
2.23172325593
-34.76734
7
14464
14591
1.44537908392
-5.96448
4
8832
8959
1.96410569525
-15.58565
12
16512
16639
1.79669318711
-8.94551
12
26624
26751
1.67657270939
-0.33838
5
10496
10623
1.72251827312
-7.87874
10
3328
3455
2.19291911737
-19.52293
15
26496
26623
1.39655773708
-1.35154
6
15488
15615
2.3025307411
-33.30792
11
29056
29183
1.64240825336
-7.53948
6
29440
29567
1.76825186204
-11.30977
6
29952
30079
1.75733960858
-4.61514
7
9600
9727
1.65206851263
-0.33772
2
19840
19967
1.17602953588
0
0
2432
2559
2.14160598319
-18.79146
18
25216
25343
1.36886313622
-4.55823
9
256
383
1.82199233274
-14.90911
16
6912
7039
3.64456996312
-93.09463
12
7296
7423
2.22783749197
-16.2033
10
9984
10111
1.77046050974
-5.85176
8
12416
12543
3.6967659301
-131.351447
18
1280
1407
2.63762571754
-39.76875
4
17280
17407
1.45093850281
-7.99234
14
3840
3967
1.98614694807
-21.09661
7
19584
19711
2.45814974412
-51.18772
6
26112
26239
1.13307202444
-1.68882
6
8320
8447
1.53877531731
-8.72117
7
19200
19327
2.01671545159
-15.47337
8
8960
9087
1.59873250686
-5.0636
3
7168
7295
1.79455079717
-12.71492
10
18048
18175
2.0788003933
-21.94058
7
25856
25983
4.28518778781
-294.36791
18
7424
7551
1.63630477954
-2.0261
4
512
639
2.17826049669
-23.45933
5
768
895
2.00555238929
-17.83477
12
23296
23423
4.17381471051
-190.195971
17
18944
19071
2.20596048285
-23.91043
8
24832
24959
1.37608567997
0.0
2
16896
17023
1.44442449053
-1.52051
8
18688
18815
1.44923326792
-4.22007
6
29184
29311
1.55477782672
-1.35066
4
27264
27391
2.69845580254
-75.60176
6
3712
3839
1.65529813579
-6.58301
6
30336
30463
1.5691587798
-4.05176
4
22784
22911
1.58304738623
-2.92588
3
24192
24319
2.43136271937
-31.16668
7
6400
6527
2.10235542818
-19.74639
10
15360
15487
1.76665529995
-9.39617
4
11392
11519
1.85450972839
-7.87632
14
12672
12799
1.3464930179
-0.22566
4
6016
6143
1.82771319611
-10.41021
12
1920
2047
1.60043195332
-1.18213
4
22912
23039
1.83471964045
-14.51624
10
13440
13567
1.59279828217
-2.87139
9
5888
6015
1.36548569727
-0.50647
4
26240
26367
1.50456976394
-1.96963
2
896
1023
1.88375130606
-22.73072
15
13568
13695
2.60729588146
-28.52579
7
6784
6911
3.96242857404
-185.802763
18
30080
30207
1.82458729782
-12.26536
8
12800
12927
1.73948407283
-4.27764
12
10880
11007
4.20278557037
-200.0305
20
7040
7167
1.79446737442
-9.28279
11
27392
27519
3.62853700852
-171.74093
17
25984
26111
1.24409811419
0
0
16640
16767
1.42004308289
-2.53235
3
9728
9855
1.75008294699
-5.62698
8
7552
7679
1.51028797292
-8.60845
8
22016
22143
1.54999358422
-11.08367
6
14592
14719
1.59095472031
-6.47249
11
1536
1663
1.52777589897
-7.25845
8
16000
16127
4.11145402186
-170.38807
19
5248
5375
1.63004450732
-9.50933
9
18176
18303
1.5443855672
-4.95242
10
6144
6271
1.50159147201
-6.02051
6
2304
2431
2.04180542214
-15.0783
14
3968
4095
2.49254976357
-28.74727
18
13056
13183
1.84817106067
-15.13389
9
12032
12159
2.05187179628
-13.33433
10
29312
29439
1.85236863428
-16.37337
10
23552
23679
1.94802579787
-14.90823
14
6528
6655
1.29451162363
-2.53257
5
17408
17535
1.62648837905
-5.74058
10
3456
3583
1.84027421137
-7.81919
5
6272
6399
1.8589318454
-16.76646
10
16768
16895
1.49322699901
-0.05713
6
8192
8319
1.41851938492
-0.73169
2
22656
22783
1.97790855235
-9.2261
8
13696
13823
2.30152102917
-25.93477
9
10624
10751
2.13049315281
-16.42918
12
27008
27135
1.44316134076
-5.45779
8
26368
26495
1.57932124438
-2.36382
5
25344
25471
2.1910718218
-20.0283
10
28288
28415
2.31339802619
-31.16888
9
15872
15999
2.45265717411
-31.95198
12
20864
20991
1.34713347686
-2.70176
4
128
255
1.41780930741
-0.28147
2
18560
18687
1.55491114313
-5.28992
10
27776
27903
1.19108366101
-3.43235
3
17152
17279
2.00754960082
-13.27566
4
23168
23295
3.23325398071
-96.75066
19
10112
10239
1.47396278313
-8.27117
12
20480
20607
1.90917718784
-20.36734
8
11136
11263
1.76535746302
-7.36985
7
5504
5631
1.57342407247
-4.27654
7
4608
4735
1.80463821882
-21.82984
10
5632
5759
1.40459230251
-4.55801
8
7808
7935
1.40766674034
-5.1772
6
8576
8703
1.2851861647
-5.23257
3
9856
9983
1.84934389124
-14.79771
7
3584
3711
1.63860502608
-9.1158
10
15104
15231
1.62551285146
-1.35088
5
2944
3071
1.80374978628
-5.85352
10
